11 01 2019  14:11:15
11 01 2019  14:12:07
12 01 2019  06:49:39
12 01 2019  06:50:31
12 01 2019  13:19:40
14 01 2019  13:12:39
15 01 2019  05:51:03
15 01 2019  12:20:11
15 01 2019  12:21:03
16 01 2019  04:59:26
26 01 2019  01:13:06
26 01 2019  01:13:58
28 01 2019  07:37:50
29 01 2019  00:16:15
29 01 2019  06:46:13
01 02 2019  05:48:10
01 02 2019  05:49:02
01 02 2019  22:27:27
08 02 2019  03:00:57
08 02 2019  03:01:49
11 02 2019  02:04:06
11 02 2019  18:42:30
11 02 2019  18:43:23
12 02 2019  01:12:30
12 02 2019  17:51:47
14 02 2019  01:06:21
15 02 2019  00:14:46
15 02 2019  16:54:02
17 02 2019  23:17:02
17 02 2019  23:17:54
18 02 2019  15:55:26
18 02 2019  15:56:18
20 02 2019  22:19:18
21 02 2019  14:58:34
21 02 2019  21:27:42
22 02 2019  14:06:58
24 02 2019  20:29:59
24 02 2019  20:30:51
25 02 2019  13:08:23
25 02 2019  13:09:15
27 02 2019  19:33:06
28 02 2019  12:12:18
28 02 2019  18:42:16
01 03 2019  11:21:34
03 03 2019  17:45:25
03 03 2019  17:46:17
04 03 2019  10:24:42
04 03 2019  10:25:34
06 03 2019  16:49:25
07 03 2019  09:28:33
07 03 2019  15:58:32
08 03 2019  08:37:49
10 03 2019  15:01:40
10 03 2019  15:02:32
11 03 2019  07:40:56
11 03 2019  07:41:48
13 03 2019  14:05:41
14 03 2019  06:44:57
14 03 2019  06:44:57
